000000000000000000000689999999
000000000001467740000023459996
000000000358986520000467779998
000000026798510000002994449999
000002488886666662000584899999
000057789979999999100059999986
000277799879999999300799999771
000478999767799994000599998420
003999987676799930000028997100
003555448765799700000049998600
003456669999999600004899987400
001269888999998500059987652000
000257988999998300028710000000
002466987899942310017920000000
015446784289984431365200000000
002555455178899710000000000000
000012222289983000000000000000
000000015889994000000000000000
000024789998993000000000000000
356897899999882000000000000000
999899999989994000000000000000